1
2
4
5
6
7
8
9
10
12
13
15
16
17
19
20
21
22
23
24
28
30
31
32
34
35
36
37
38
40
41
42
43
44
45
46
47
48
49
50
51
52
55
57
58
59
60
61
62
63
64
65
66
67
68
69
70
71
72
73
75
80
85
86
87
88
89
90
91
92
93
94
95
96
97
98
99
100
104
105
106
107
108
110
111
113
114
115
116
121
125
126
127
129
130
131
132
135
136
137
138
141
143
144
145
146
148
149
150
151
152
153
154
156
158
159
160
161
162
163
164
165
166
168
169
170
171
172
173
174
176
177
179
180
181
182
183
184
188
189
190
191
192
193
194
195
196
197
198
199
200
201
202
203
204
206
208
209
210
212
213
216
217
218
219
220
221
222
224
225
226
233
234
236
237
238
239
240
241
243
244
245
246
255
256
257
258
259
26
260
261
263
264
266
267
268
269
270
271
272
273
274
276
277
278
281
282
283
285
286
287